artist,danceability,energy,key,loudness,mode,speechiness,acousticness,instrumentalness,liveness,valence,tempo,duration_ms
Ali Gatie,0.6187777777777778,0.507888888888889,7.555555555555555,-7.497333333333334,0.6666666666666666,0.03679999999999999,0.4855555555555556,7.044444444444444e-06,0.16360000000000002,0.3431111111111111,125.90866666666665,173448.0
Anuel AA,0.73875,0.7282500000000001,5.416666666666667,-4.4615,0.8333333333333334,0.11555,0.4105833333333333,0.0011014666666666667,0.14668333333333333,0.6010833333333334,139.95133333333334,216206.83333333334
BROCKHAMPTON,0.6204772727272729,0.5675227272727272,5.136363636363637,-9.18601136363636,0.6704545454545454,0.1773136363636364,0.3728213636363636,0.03264731090909092,0.2571750000000001,0.46941590909090913,113.28392045454547,188858.51136363635
Bad Bunny,0.7248695652173913,0.6385652173913043,4.521739130434782,-6.3897391304347835,0.4782608695652174,0.12565217391304348,0.21302608695652175,0.00031921739130434776,0.16695217391304354,0.4410869565217392,129.23726086956523,221873.73913043478
Billie Eilish,0.5837857142857144,0.2817214285714287,5.0,-15.085071428571428,0.7142857142857143,0.1930857142857143,0.6568571428571429,0.12069271999999996,0.23930714285714286,0.2880071428571428,105.4942857142857,183947.64285714287
Camila Cabello,0.6193200000000001,0.53628,4.96,-6.122319999999999,0.56,0.085424,0.329892,0.00016935639999999998,0.14533200000000002,0.42068400000000006,112.84728,201105.52
DaBaby,0.7891374999999999,0.67755,4.9125,-5.688562500000001,0.55,0.22807750000000016,0.09012137499999998,1.383825e-05,0.18637249999999997,0.5239999999999998,131.5565875,155104.4625
Dalex,0.6388918918918919,0.6775135135135133,4.594594594594595,-6.1109189189189195,0.4864864864864865,0.19284594594594592,0.47220270270270265,2.8360540540540533e-05,0.29938918918918916,0.616027027027027,135.31424324324325,235816.0810810811
Doja Cat,0.7216842105263158,0.6401578947368419,4.56140350877193,-5.728298245614035,0.7017543859649122,0.0883157894736842,0.1596605263157895,0.0019013238596491233,0.15985438596491233,0.3986491228070176,126.99142105263162,209294.01754385966
Dua Lipa,0.6449903846153846,0.6709134615384619,5.826923076923077,-5.411942307692304,0.4423076923076923,0.07088942307692302,0.09765747115384618,6.935192307692308e-06,0.16867403846153847,0.44750961538461564,108.68579807692315,214407.71153846153
Ed Sheeran,0.7010520833333337,0.7349827083333328,5.602083333333334,-5.837464583333334,0.5583333333333333,0.3052277083333333,0.20131160624999986,0.015063203895833328,0.3163891666666662,0.5444931249999996,111.49804375000012,240201.72708333333
Eminem,0.7010520833333337,0.7349827083333328,5.602083333333334,-5.837464583333334,0.5583333333333333,0.3052277083333333,0.20131160624999986,0.015063203895833328,0.3163891666666662,0.5444931249999996,111.49804375000012,240201.72708333333
Future,0.7227961165048544,0.5731229126213597,5.135922330097087,-7.883322330097087,0.5611650485436893,0.22030155339805832,0.1759648271844659,0.02282213489320389,0.21415067961165044,0.3727763106796118,130.01336504854362,209120.8718446602
Halsey,0.5720399999999999,0.6261466666666664,5.0,-6.261613333333333,0.36,0.061710666666666684,0.23453039999999997,0.00933194066666667,0.17461333333333337,0.3698853333333333,114.29680000000003,192999.76
Harry Styles,0.5394545454545454,0.5862272727272728,4.590909090909091,-6.446954545454545,0.7272727272727273,0.03523181818181819,0.27998204545454547,0.019864726818181824,0.15483636363636363,0.4088772727272728,114.69063636363636,237592.77272727274
J Balvin,0.7294239316239317,0.7232820512820514,5.786324786324786,-5.680085470085473,0.4188034188034188,0.1226675213675214,0.20821880341880342,0.017063291282051286,0.17292649572649574,0.7158410256410256,132.45970940170932,215498.1623931624
Joji,0.5712272727272727,0.4581818181818182,4.386363636363637,-10.097431818181818,0.75,0.0759477272727273,0.6041363636363637,0.3498659545454546,0.17062045454545455,0.28063181818181815,119.03531818181818,195989.29545454544
Jonas Brothers,0.5195030674846624,0.8101901840490795,5.012269938650307,-4.505779141104297,0.852760736196319,0.06499202453987729,0.06908545766871164,0.00048500809815950926,0.3085766871165644,0.5479202453987729,126.49344171779141,200060.68711656443
Justin Bieber,0.6144062499999999,0.6554177083333331,4.885416666666667,-6.245864583333334,0.5885416666666666,0.06505416666666673,0.22682379166666677,0.0007698220833333335,0.19530885416666655,0.5281427083333335,116.22546875000002,219359.29166666666
KAROL G,0.7471379310344827,0.6987931034482757,6.0344827586206895,-5.284758620689654,0.4827586206896552,0.10183793103448274,0.2408231034482759,7.526586206896551e-05,0.15724827586206896,0.600793103448276,122.63958620689658,194043.72413793104
Khalid,0.6416129032258064,0.48835483870967755,4.612903225806452,-8.87416129032258,0.5161290322580645,0.09575161290322577,0.44357741935483863,0.10983159193548389,0.15935483870967743,0.38590806451612913,106.49770967741932,207055.4193548387
Lewis Capaldi,0.5868888888888889,0.4452222222222223,5.925925925925926,-6.629111111111111,0.9629629629629629,0.04384444444444446,0.6867407407407408,7.37037037037037e-08,0.12708148148148146,0.3438888888888889,111.12218518518517,212763.37037037036
Lil Mosey,0.7153846153846154,0.6005000000000001,5.538461538461538,-7.593653846153848,0.6538461538461539,0.06954615384615385,0.2796230769230769,9.767884615384615e-05,0.14660384615384617,0.5348846153846153,127.58661538461538,152599.8076923077
Maroon 5,0.6415374507227327,0.7161038107752953,5.265440210249672,-5.920015768725348,0.5611038107752957,0.08689645203679361,0.13714710262812083,0.0009188681208935613,0.20131195795006587,0.5784411300919844,117.83129960578188,213688.31537450722
Mustard,0.7209782608695652,0.5465869565217392,4.5,-7.939652173913045,0.5869565217391305,0.21999565217391306,0.1740117391304348,3.793891304347826e-05,0.2111521739130435,0.43242608695652185,105.6283260869565,201953.6739130435
Nicky Jam,0.7467204968944098,0.7257267080745341,5.869565217391305,-5.94342236024845,0.5590062111801242,0.13301242236024843,0.21174110559006204,9.283683229813666e-05,0.15068695652173916,0.6887267080745343,118.14547826086955,187179.78881987577
Post Malone,0.6176119402985075,0.6196119402985075,4.477611940298507,-5.8404626865671645,0.5970149253731343,0.07309552238805972,0.30648059701492536,0.009423138208955219,0.1415626865671642,0.34700000000000003,121.8909402985075,209971.16417910447
Rauw Alejandro,0.7754285714285715,0.6092857142857142,6.142857142857143,-5.8357142857142845,0.42857142857142855,0.07010000000000001,0.31244285714285713,1.4571428571428573e-06,0.29221428571428565,0.38042857142857145,123.68814285714286,248048.85714285713
Roddy Ricch,0.7797777777777773,0.5461555555555554,5.333333333333333,-8.466577777777779,0.4888888888888889,0.24241555555555566,0.11060540000000003,1.1109777777777779e-05,0.18141111111111116,0.355631111111111,130.3012666666667,177773.55555555556
SAINt JHN,0.7644074074074075,0.6022222222222224,3.8518518518518516,-6.4028518518518505,0.5555555555555556,0.08457037037037038,0.21848925925925927,0.011858706296296297,0.15829259259259257,0.39188518518518517,121.0442962962963,196996.33333333334
Selena Gomez,0.643893203883495,0.7435631067961173,5.611650485436893,-5.194514563106797,0.49514563106796117,0.09107961165048545,0.10084504854368943,0.0005348991262135925,0.19270776699029116,0.4826077669902916,117.07395145631068,214565.88349514562
Shawn Mendes,0.5753228346456691,0.5526377952755903,6.275590551181103,-7.008141732283465,0.6850393700787402,0.08309527559055113,0.35055264566929145,4.523149606299212e-06,0.2607102362204726,0.46984251968503965,119.08016535433066,217700.88976377953
The Black Eyed Peas,0.7762882096069872,0.6733362445414849,5.716157205240175,-6.500152838427944,0.4410480349344978,0.16523930131004352,0.11160173799126641,0.008134141877729257,0.24984061135371172,0.5940960698689952,110.02653275109179,262453.9519650655
The Weeknd,0.5736179775280901,0.6095224719101123,5.247191011235955,-7.571556179775272,0.2303370786516854,0.07742977528089884,0.27588297752808993,0.01287730404494382,0.19882696629213478,0.3215157303370784,122.97185393258425,291269.84831460676
YNW Melly,0.7211555555555555,0.5535777777777776,5.133333333333334,-8.174866666666668,0.5777777777777777,0.19704888888888888,0.18211555555555556,2.3457777777777776e-06,0.18459333333333333,0.4769555555555555,133.74231111111112,211149.97777777776
blackbear,0.6998548387096777,0.530467741935484,5.258064516129032,-7.805612903225807,0.4838709677419355,0.12918870967741933,0.22033306451612902,2.853790322580645e-05,0.17502741935483873,0.4951016129032258,119.11758064516133,191127.67741935485
